Aaliyah:1.2821276
Noah:7.068373
Jazmine:3.689353
Juan:9.54692
Aiden:4.6987367
Sofia:1.317383
Omar:1.3864683
Gianna:13.834321
Xavier:12.517326
Leilani:6.9677916
Amir:15.0787945
Yara:4.2516265
Malik:1.2323874
Nia:14.988356
Andres:0.5839194
Saniyah:8.277139
Elijah:0.08042663
Maya:5.0207996
Mateo:8.732414
Amara:4.515233
Adrian:11.796792
Asha:0.1137055
Jayden:7.5009665
Kira:0.0073881033
Diego:1.5634911
Ava:5.409226
Alejandro:14.896425
Anaya:12.282559
Gabriel:4.257459
Kai:0.008003779
Omarion:12.513568
Mira:1.6041257
Josiah:7.147893
Samira:8.910344
Hassan:4.0062637
Leyla:15.147816
Jaden:14.614802
Nyla:15.902989
Zaid:5.175561
Emani:8.722887
Jeremiah:5.619884
Fatima:4.688756
Micah:12.044423
Nasir:9.632434
Ruby:0.9511535
Zariah:6.3183837
Kendrick:0.158747
Zayna:3.4774635
Ezequiel:9.798083
Sariyah:1.3444403
